89
0 0 0 0 0 0 0 0 25 0 0 0
0 0 0.3495 0 0 0 0 0 25 0 0 0
0 0 0.811504 0 0 0 0 0 2.00009 0 0 0
0 0 1.10701 0 0 0 0 0 2.00009 0 0 0
0 0 1.10701 0 0 0 0 4.45001 2.00009 0 0 0
0 0 1.10701 0 0 0 0 12.1 2.00009 0 0 0
0 0 1.10701 0 0 0 0 17.7499 2.00009 0 0 0
0 0 1.10701 0 0 0 0 24.9998 2.00009 0 0 0
0 0 1.10701 0 0 0 0 29.9997 2.00009 0 0 0
0 0 1.10701 0 0 0 0 33.9248 2.00009 0 0 0
0 0 1.10701 0 0 0 0 39.3751 2.00009 0 0 0
0 0 1.10701 0 0 0 0 44.1004 2.00009 0 0 0
0 0 1.10701 0 0 0 0 51.1258 2.00009 0 0 0
0 0 1.10701 0 0 0 0 54.9761 2.00009 0 0 0
0 0 1.10701 0 0 0 0 58.9013 2.00009 0 0 0
0 0 1.10701 0 0 0 0 53.951 5.4001 0 0 0
0 0 1.10701 0 0 0 0 48.0756 5.4001 0 0 0
0 0 1.10701 0 0 0 0 43.3753 5.4001 0 0 0
0 0 1.10701 0 0 0 0 39.1251 5.4001 0 0 0
0 0 1.10701 0 0 0 0 33.5497 5.4001 0 0 0
0 0 1.10701 0 0 0 0 30.0747 5.4001 0 0 0
0 0 1.10701 0 0 0 0 23.1748 5.4001 0 0 0
0 0 1.10701 0 0 0 0 18.8749 5.4001 0 0 0
0 0 1.10701 0 0 0 0 12.475 5.4001 0 0 0
0 0 1.10701 0 0 0 0 7.05002 5.4001 0 0 0
0 0 1.10701 0 0 0 0 7.05002 5.4001 9.55 -9.55 0
0 0 1.10701 0 0 0 0 7.05002 5.4001 4.42501 -4.42501 0
0 0 1.10701 0 0 0 0 7.05002 5.4001 -10.375 10.375 0
0 0 1.10701 0 0 0 0 7.05002 5.4001 -17.3499 17.3499 0
0 0 1.10701 0 0 0 0 7.05002 5.4001 -29.9747 29.9747 0
0 0 1.10701 0 0 0 0 7.05002 5.4001 -38.375 38.375 0
0 0 1.10701 0 0 0 0 7.05002 5.4001 -44.1754 44.1754 0
0 0 1.10701 0 0 0 0 7.05002 5.4001 -50.5508 50.5508 0
0 0 1.10701 0 6.85002 0 0 7.05002 5.4001 -56.3011 56.3011 0
0 0 1.10701 0 13.4749 0 0 7.05002 5.4001 -56.3011 56.3011 0
0 0 1.10701 0 13.4749 0 0 7.05002 5.4001 -63.7016 63.7016 0
0 0 1.10701 0 20.5248 0 0 7.05002 5.4001 -63.7016 63.7016 0
0 0 1.10701 0 16.3749 0 0 7.05002 5.4001 -73.5772 73.5772 0
0 0 1.10701 0 16.3749 0 0 7.05002 5.4001 -63.3016 63.3016 0
0 0 1.10701 0 16.3749 0 0 7.05002 5.4001 -56.2511 56.2511 0
0 0 1.10701 0 12.7499 0 0 7.05002 5.4001 -47.5006 47.5006 0
0 0 1.10701 0 8.50001 0 0 7.05002 5.4001 -39.6251 39.6251 0
0 0 1.10701 0 8.50001 0 0 7.05002 5.4001 -36.0499 36.0499 0
0 0 1.10701 0 8.50001 0 0 7.05002 5.4001 -31.4997 31.4997 0
0 0 1.10701 0 8.50001 0 0 7.05002 5.4001 -27.6247 27.6247 0
0 0 1.10701 0 2.525 0 0 7.05002 5.4001 -24.3498 24.3498 0
0 0 1.10701 0 0 0 0 7.05002 5.4001 -24.3498 24.3498 0
0 0 1.10701 0 0 0 0 7.05002 5.4001 -15.4749 15.4749 0
0 0 1.10701 0 0 0 0 7.05002 5.4001 -9.97499 9.97499 0
0 0 1.10701 0 0 0 0 7.05002 5.4001 -3.07501 3.07501 0
0 0 1.10701 0 0 0 0 7.05002 -11.1499 -3.07501 3.07501 0
0 0 1.10701 0 0 0 0 13.0499 -22.2499 -3.07501 3.07501 0
0 0 1.10701 0 0 0 0 17.7749 -39.3996 -3.07501 3.07501 0
0 0 1.10701 0 0 0 0 22.5998 -39.3996 -3.07501 3.07501 0
0 0 1.10701 0 0 3.55 0 22.5998 -39.3996 -3.07501 3.07501 0
0 0 1.10701 0 0 8.20002 0 22.5998 -39.3996 -3.07501 3.07501 0
0 0 1.10701 0 0 8.20002 0 22.5998 -39.3996 -3.07501 3.07501 11.946
0 0 1.10701 0 0 11.175 0 28.0497 -45 -3.07501 3.07501 11.946
0 0 1.10701 0 0 11.175 0 28.0497 -45 -3.07501 3.07501 23.43
0 0 1.10701 0 0 11.175 0 28.0497 -45 -3.07501 3.07501 38.1482
0 0 1.10701 0 0 11.175 0 28.0497 -45 -3.07501 3.07501 49.3025
0 0 1.10701 0 0 11.175 0 28.0497 -45 -3.07501 3.07501 63.5589
0 0 1.10701 0 0 11.175 0 28.0497 -45 -3.07501 3.07501 76.7593
0 0 1.10701 0 0 11.175 0 28.0497 -45 -3.07501 3.07501 90
0 0 1.10701 0 0 15.3499 0 28.0497 -45 -3.07501 3.07501 90
0 0 1.10701 0 0 8.62501 0 28.0497 -45 -3.07501 3.07501 90
0 0 1.10701 0 0 5.90001 0 28.0497 -45 -3.07501 3.07501 90
0 0 1.10701 0 0 5.90001 0 28.0497 -33.8502 -3.07501 3.07501 90
0 0 1.10701 0 0 5.90001 0 33.6998 -33.8502 -3.07501 3.07501 90
0 0 1.10701 0 0 1.7 0 33.6998 -33.8502 -3.07501 3.07501 90
0 0 1.10701 0 0 1.7 0 33.6998 -33.8502 -3.07501 3.07501 80.5617
0 0 1.10701 0 0 1.7 0 33.6998 -33.8502 -3.07501 3.07501 70.0014
0 0 1.10701 0 0 1.7 0 33.6998 -14.5504 -3.07501 3.07501 70.0014
0 0 1.10701 0 0 1.7 0 33.6998 -14.5504 -3.07501 3.07501 61.8172
0 0 1.10701 0 0 1.7 0 29.7747 -14.5504 -3.07501 3.07501 61.8172
0 0 1.10701 0 0 1.7 0 24.2998 -14.5504 -3.07501 3.07501 61.8172
0 0 1.10701 0 0 -3.90001 0 24.2998 -14.5504 -3.07501 3.07501 61.8172
0 0 1.10701 0 0 -3.90001 0 24.2998 -14.5504 -3.07501 3.07501 49.2108
0 0 1.10701 0 0 -3.90001 0 12 -14.5504 -3.07501 3.07501 49.2108
0 0 1.10701 0 0 -3.90001 0 12 -6.25041 -3.07501 3.07501 49.2108
0 0 1.10701 0 0 -3.90001 0 12 -6.25041 -3.07501 3.07501 39.2445
0 0 1.10701 0 0 -9.625 0 12 -6.25041 -3.07501 3.07501 30.7303
0 0 1.10701 0 0 -9.625 0 12 -6.25041 -3.07501 3.07501 30.7303
0 0 1.10701 0 0 -9.625 0 12 -6.25041 -3.07501 3.07501 19.5763
0 0 1.10701 0 0 -9.625 0 12 -6.25041 -3.07501 3.07501 6.64034
0 0 1.10701 0 0 -4.57501 0 12 -6.25041 -3.07501 3.07501 6.64034
0 0 1.10701 0 0 -4.57501 0 12 -6.25041 -3.07501 3.07501 0
0 0 1.10701 0 0 -4.57501 0 12 -6.25041 -3.07501 3.07501 0
0 0 1.10701 0 0 -0.0750005 0 12 -6.25041 -3.07501 3.07501 0
